,massa A,,
t,x,y,
0.000,4.897E-2,0.597
0.017,4.950E-2,0.597
0.034,4.992E-2,0.597
0.051,5.025E-2,0.597
0.067,5.044E-2,0.597
0.084,5.093E-2,0.597
0.101,5.170E-2,0.597
0.118,5.259E-2,0.597
0.135,5.320E-2,0.597
0.152,5.415E-2,0.597
0.168,5.422E-2,0.597
0.185,5.621E-2,0.597
0.202,5.691E-2,0.596
0.219,5.783E-2,0.596
0.236,5.926E-2,0.596
0.253,6.083E-2,0.596
0.270,6.232E-2,0.596
0.286,6.421E-2,0.596
0.303,6.580E-2,0.596
0.320,6.939E-2,0.595
0.337,7.290E-2,0.595
0.354,7.545E-2,0.595
0.371,7.735E-2,0.595
0.388,7.974E-2,0.594
0.404,8.313E-2,0.594
0.421,8.706E-2,0.593
0.438,8.901E-2,0.593
0.455,9.279E-2,0.592
0.472,9.518E-2,0.591
0.489,9.742E-2,0.591
0.505,0.104,0.590
0.522,0.106,0.588
0.539,0.111,0.588
0.556,0.115,0.586
0.573,0.119,0.584
0.590,0.122,0.584
0.607,0.124,0.583
0.623,0.128,0.581
0.640,0.134,0.579
0.657,0.138,0.578
0.674,0.142,0.576
0.691,0.145,0.575
0.708,0.149,0.575
0.724,0.153,0.573
0.741,0.157,0.571
0.758,0.162,0.570
0.775,0.165,0.567
0.792,0.170,0.567
0.809,0.174,0.565
0.826,0.178,0.564
0.842,0.181,0.562
0.859,0.186,0.561
0.876,0.190,0.559
0.893,0.193,0.556
0.910,0.197,0.554
0.927,0.202,0.552
0.943,0.206,0.551
0.960,0.211,0.548
0.977,0.216,0.545
0.994,0.219,0.543
1.011,0.223,0.541
1.028,0.227,0.539
1.045,0.230,0.536
1.061,0.235,0.534
1.078,0.239,0.532
1.095,0.242,0.529
1.112,0.246,0.527
1.129,0.251,0.524
1.146,0.254,0.523
1.163,0.256,0.521
1.179,0.262,0.517
1.196,0.266,0.515
1.213,0.267,0.515
1.230,0.272,0.511
1.247,0.277,0.514
1.264,0.281,0.505
1.280,0.283,0.504
1.297,0.288,0.501
1.314,0.292,0.498
1.331,0.296,0.495
1.348,0.303,0.490
1.365,0.306,0.487
1.382,0.311,0.484
1.398,0.313,0.483
1.415,0.319,0.478
1.432,0.323,0.474
1.449,0.328,0.471
1.466,0.341,0.468
1.483,0.344,0.464
1.499,0.350,0.461
1.516,0.353,0.456
1.533,0.352,0.449
1.550,0.354,0.447
1.567,0.363,0.444
1.584,0.368,0.438
1.601,0.371,0.433
1.617,0.374,0.434
1.634,0.376,0.429
1.651,0.361,0.422
1.668,0.366,0.417
1.685,0.367,0.415
1.702,0.370,0.411
1.718,0.374,0.408
1.735,0.376,0.405
1.752,0.380,0.401
1.769,0.382,0.397
1.786,0.386,0.393
1.803,0.389,0.390
1.820,0.391,0.386
1.836,0.394,0.383
1.853,0.397,0.381
1.870,0.399,0.377
1.887,0.401,0.374
1.904,0.404,0.371
1.921,0.406,0.368
1.938,0.407,0.365
1.954,0.410,0.362
1.971,0.412,0.359
1.988,0.415,0.356
2.005,0.417,0.354
2.022,0.419,0.350
2.039,0.422,0.347
2.055,0.424,0.343
2.072,0.427,0.339
2.089,0.429,0.335
2.106,0.431,0.332
2.123,0.434,0.330
2.140,0.436,0.325
2.157,0.438,0.321
2.173,0.440,0.317
2.190,0.443,0.313
2.207,0.444,0.309
2.224,0.446,0.306
2.241,0.448,0.302
2.258,0.450,0.298
2.274,0.453,0.295
2.291,0.455,0.291
2.308,0.457,0.287
2.325,0.459,0.284
2.342,0.461,0.280
2.359,0.462,0.277
2.376,0.464,0.273
2.392,0.466,0.269
2.409,0.467,0.266
2.426,0.469,0.263
2.443,0.470,0.259
2.460,0.472,0.255
2.477,0.474,0.251
2.494,0.476,0.248
2.510,0.478,0.243
2.527,0.479,0.239
2.544,0.481,0.235
2.561,0.483,0.231
2.578,0.484,0.226
2.595,0.486,0.222
2.611,0.487,0.218
2.628,0.489,0.214
2.645,0.491,0.210
2.662,0.491,0.205
2.679,0.493,0.200
2.696,0.495,0.196
2.713,0.496,0.192
2.729,0.497,0.187
2.746,0.499,0.184
2.763,0.500,0.179
2.780,0.501,0.175
2.797,0.502,0.171
2.814,0.503,0.166
2.830,0.504,0.162
2.847,0.506,0.158
2.864,0.506,0.154
2.881,0.507,0.150
2.898,0.508,0.147
2.915,0.508,0.142
2.932,0.509,0.138
2.948,0.510,0.134
2.965,0.511,0.131
2.982,0.513,0.127
2.999,0.513,0.123
3.016,0.514,0.120
3.033,0.515,0.116
3.049,0.516,0.113
3.066,0.517,0.110
3.083,0.517,0.106
3.100,0.518,0.103
3.117,0.518,9.887E-2
3.134,0.519,9.585E-2
3.151,0.520,9.262E-2
3.167,0.520,8.867E-2
3.184,0.521,8.550E-2
3.201,0.521,8.192E-2
3.218,0.523,7.906E-2
3.235,0.523,7.562E-2
3.252,0.524,7.242E-2
3.269,0.524,6.902E-2
3.285,0.525,6.560E-2
3.302,0.525,6.213E-2
3.319,0.525,5.881E-2
3.336,0.526,5.555E-2
3.353,0.526,5.197E-2
3.370,0.526,4.875E-2
3.386,0.527,4.517E-2
3.403,0.527,4.156E-2
3.420,0.527,3.822E-2
3.437,0.528,3.499E-2
3.454,0.528,3.144E-2
3.471,0.528,2.785E-2
3.488,0.528,2.455E-2
3.504,0.528,2.113E-2
3.521,0.528,1.784E-2
3.538,0.528,1.432E-2
3.555,0.528,1.099E-2
3.572,0.528,7.912E-3
3.589,0.529,4.581E-3
3.605,0.529,1.261E-3
3.622,0.528,-1.953E-3
3.639,0.529,-5.042E-3
3.656,0.528,-8.212E-3
3.673,0.529,-1.117E-2
3.690,0.529,-1.427E-2
3.707,0.529,-1.691E-2
3.723,0.529,-1.963E-2
3.740,0.529,-2.273E-2
3.757,0.529,-2.480E-2
3.774,0.529,-2.697E-2
3.791,0.529,-2.913E-2
3.808,0.528,-3.128E-2
3.824,0.529,-3.270E-2
3.841,0.529,-3.392E-2
3.858,0.528,-3.533E-2
3.875,0.528,-3.637E-2
3.892,0.528,-3.717E-2
3.909,0.528,-3.750E-2
3.926,0.528,-3.799E-2
3.942,0.528,-3.815E-2
3.959,0.528,-3.854E-2
3.976,0.528,-3.848E-2
3.993,0.528,-3.863E-2
4.010,0.528,-3.861E-2
4.027,0.528,-3.845E-2
4.044,0.528,-3.795E-2
